04132012091204500451
04132012091304490452
04132012091404500450
04132012091504500451
04132012091604510450
04132012091704500449
04132012091804510450
04132012091904500448
04132012092004510450
04132012092104500450
04132012092204500451
04132012092304500450
04132012092404500451
04132012092504500449
04132012092604510450
04132012092704520450
04132012092804500451
04132012092904510450
04132012093004500451
04132012093104500451
04132012093204500449
04132012093304500449
04132012093404500450
04132012093504500449
04132012093604510450
04132012093704510451
04132012093804510449
04132012093904490451
04132012094004510449
04132012094104500451
04132012094204490450
04132012094304490450
04132012094404490450
04132012094504520449
04132012094604500451
04132012094704510450
04132012094804490452
04132012094904520450
04132012095004500451
04132012095104480449
04132012095204500451
04132012095304510449
04132012095404510450
04132012095504520451
04132012095604490450
04132012095704500452
04132012095804500450
04132012095904510450
04132012100004490450
04132012100104490452
04132012100204510450
04132012100304500450
04132012100404510449
04132012100504500451
04132012100604500449
04132012100704500452
04132012100804510450
04132012100904500450
04132012101004500450
04132012101104500451
04132012101204500452
04132012101304500450
04132012101404490451
04132012101504490450
04132012101604510449
04132012101704490449
04132012101804510449
04132012101904500450
04132012102004510452
04132012102104500450
04132012102204490453
04132012102304510450
04132012102404500450
04132012102504510449
04132012102604500450
04132012102704510450
04132012102804490450
04132012102904510450
04132012103004510450
04132012103104520451
04132012103204500449
04132012103304520451
04132012103404490451
04132012103507070708
04132012103610231023
04132012103710211023
04132012103810221021
04132012103910231023
04132012104008240790
04132012104110201023
04132012104210231023
04132012104310231023
04132012104410231023
04132012104508400768
04132012104608370836
04132012104705800580
04132012104804340433
04132012104901320133
04132012105000090010
04132012105100090009
04132012105200080009
04132012105300090010
04132012105400100010
04132012105500110010
04132012105600100008
04132012105700100009
04132012105800110010
04132012105900100007
04132012110000100009
04132012110100090010
04132012110200100009
04132012110300090009
04132012110400110008
04132012110500090011
04132012110600100009
04132012110700090008
04132012110800100009
04132012110900090009
04132012111000090010
04132012111100100009
04132012111200080010
04132012111300100008
04132012111400100010
04132012111500080009
04132012111600080011
04132012111700100009
04132012111800100010
04132012111900090009
04132012112000100008
04132012112100100011
04132012112200080009
04132012112300110011
04132012112400100010
04132012112500090010
04132012112600110010
04132012112700080010
04132012112800110010
04132012112900090009
04132012113000100010
04132012113100100009
04132012113200090009
04132012113300090009
04132012113400090010
04132012113500080008
04132012113600100008
04132012113700100010
04132012113800110008
04132012113900090010
04132012114000100009
04132012114100100010
04132012114200100010
04132012114300090009
04132012114400100008
04132012114500090010
04132012114600100009
04132012114700100010
04132012114800090009
04132012114900100009
04132012115000100010
04132012115100090010
04132012115200110008
04132012115300090007
04132012115401780177
04132012115503530353
04132012115603520351
04132012115703520350
04132012115803520350
04132012115903500351
04132012120005080508
04132012120108140815
04132012120210231021
04132012120310211022
04132012120410221023
04132012120510231023
04132012120610211020
04132012120710181021
04132012120810171022
04132012120910231022
04132012121010201021
04132012121110221018
04132012121210231023
04132012121310221023
04132012121410231021
04132012121510201021
04132012121610231021
04132012121710221022
04132012121810211022
04132012121910211012
04132012122010221023
04132012122110211015
04132012122210231012
04132012122310211018
04132012122410231023
04132012122510231023
04132012122610201023
04132012122710191023
04132012122810231019
04132012122910231023
04132012123010231021
04132012123110221019
04132012123210231023
04132012123310221023
04132012123410201023
04132012123510231023
04132012123610231023
04132012123710211023
04132012123810211018
04132012123910231018
04132012124010231023
04132012124110231023
04132012124210211021
04132012124310201020
04132012124410231023
04132012124510211023
04132012124610191021
04132012124710201019
04132012124810231021
04132012124910231022
04132012125010231020
04132012125110231019
04132012125210231023
04132012125310221022
04132012125410231022
04132012125510231021
04132012125610231023
04132012125710171020
04132012125810231021
04132012125910211022
04132012130010231020
04132012130110231023
04132012130210231021
04132012130310181023
04132012130410231023
04132012130510211023
04132012130610221021
04132012130710211022
04132012130810231022
04132012130910211023
04132012131010231023
04132012131110211023
04132012131210211021
04132012131310231023
04132012131410221023
04132012131510231023
04132012131610221021
04132012131710211023
04132012131810231020
04132012131910231023
04132012132010211022
04132012132110231023
04132012132210201023
04132012132310231023
04132012132410231023
04132012132510231023
04132012132610201021
04132012132710221022
04132012132810231023
04132012132910221023
04132012133010231021
04132012133110201023
04132012133210231023
04132012133310231023
04132012133410231023
04132012133510231023
04132012133610221023
04132012133710201022
04132012133810171023
04132012133910231022
04132012134010201022
04132012134110231023
04132012134210221023
04132012134310201021
04132012134410231021
04132012134510221023
04132012134610221023
04132012134710231020
04132012134810221020
04132012134910231023
04132012135010221022
04132012135110201019
04132012135210221022
04132012135310221022
04132012135410231020
04132012135510231023
04132012135610231022
04132012135710231022
04132012135810231023
04132012135910231023
04132012140010231022
04132012140110221023
04132012140210231023
04132012140310211022
04132012140410231021
04132012140510231022
04132012140610201022
04132012140710231022
04132012140810231020
04132012140910221021
04132012141010231023
04132012141110221021
04132012141210221022
04132012141310231023
04132012141410231022
04132012141510231022
04132012141610211022
04132012141710231023
04132012141810231023
04132012141910231022
04132012142010231023
04132012142110231023
04132012142210231022
04132012142310231022
04132012142410231023
04132012142510221022
04132012142610231023
04132012142710231023
04132012142810231023
04132012142910181021
04132012143010221023
04132012143110231023
04132012143210231023
04132012143310201019
04132012143410231023
04132012143510211019
04132012143610221023
04132012143710191022
04132012143810211022
04132012143910231023
04132012144010211022
04132012144110221023
04132012144210211023
04132012144310231023
04132012144410201023
04132012144510231023
04132012144610231022
04132012144710231023
04132012144810201023
04132012144910231023
04132012145010211023
04132012145110231023
04132012145210231023
04132012145310231023
04132012145410231023
04132012145510211023
04132012145610231022
04132012145710201023
04132012145810221022
04132012145910211020
04132012150010221023
04132012150110201022
04132012150210221022
04132012150310211023
04132012150410231023
04132012150510211020
04132012150610231022
04132012150710231021
04132012150810211022
04132012150910231021
04132012151010231023
04132012151110231021
04132012151210161022
04132012151310231023
04132012151410221023
04132012151510211023
04132012151610231023
04132012151710211023
04132012151810221023
04132012151910231022
04132012152010231021
04132012152110191020
04132012152210231023
04132012152310191021
04132012152410231023
04132012152510191022
04132012152610211023
04132012152710231023
04132012152810221023
04132012152910231019
04132012153010231022
04132012153110231020
04132012153210221023
04132012153310211023
04132012153410231023
04132012153510131014
04132012153610121023
04132012153710161019
04132012153810231022
04132012153910231023
04132012154010201015
04132012154110221023
04132012154210231023
04132012154310231023
04132012154410221009
04132012154510221022
04132012154610221022
04132012154710231023
04132012154810211022
04132012154910211023
04132012155010231021
04132012155110201021
04132012155210201021
04132012155310221021
04132012155410091019
04132012155510131022
04132012155610131011
04132012155710181016
04132012155810111009
04132012155910221009
04132012160010221023
04132012160110221014
04132012160210211011
04132012160310231023
04132012160410221023
04132012160510221023
04132012160610221023
04132012160710131022
04132012160810231022
04132012160910201022
04132012161010211020
04132012161110231023
04132012161210231022
04132012161310131021
04132012161410101020
04132012161510231023
04132012161610221023
04132012161710231019
04132012161810231010
04132012161910211023
04132012162010221022
04132012162110211022
04132012162210221021
04132012162310221022
04132012162410231023
04132012162510211018
04132012162610091023
04132012162710101022
04132012162810231023
04132012162910191020
04132012163010091020
04132012163110101022
04132012163210231023
04132012163310091012
04132012163410211023
04132012163510211014
04132012163610211020
04132012163710231022
04132012163810181022
04132012163910231021
04132012164010221018
04132012164110231022
04132012164210231023
04132012164310191021
04132012164410231012
04132012164510131009
04132012164610231023
04132012164710221014
04132012164810211016
04132012164910211010
04132012165010201021
04132012165110221012
04132012165210231021
04132012165310221022
04132012165410221021
04132012165510231023
04132012165610231012
04132012165710231021
04132012165810231022
04132012165910231022
04132012170010101023
04132012170110231010
04132012170210221022
04132012170310221019
04132012170410211023
04132012170510211022
04132012170610221022
04132012170710231021
04132012170810231020
04132012170910161023
04132012171010201023
04132012171110121016
04132012171210221009
04132012171310201023
04132012171410211023
04132012171510221020
04132012171610211022
04132012171710211023
04132012171810231021
04132012171910231021
04132012172010211020
04132012172110231019
04132012172210191022
04132012172310231023
04132012172410221023
04132012172510231011
04132012172610201020
04132012172710201022
04132012172810221021
04132012172910211022
04132012173010231023
04132012173110221021
04132012173210231023
04132012173310211013
04132012173410211023
04132012173410211023
04132012173510221022
04132012173610231020
04132012173710231020
04132012173810231021
04132012173910231023
04132012174010231020
04132012174110231021
04132012174210101020
04132012174310161020
04132012174410211023
04132012174510131022
04132012174610131022
04132012174710231023
04132012174810231023
04132012174910231023
04132012175010091008
04132012175110231022
04132012175210221021
04132012175310221011
04132012175410221020
04132012175510181022
04132012175610201022
04132012175710101021
04132012175810231021
04132012175910231021
04132012180010201015
04132012180110231023
04132012180210211021
04132012180310231021
04132012180410211022
04132012180510221022
04132012180610191021
04132012180710231023
04132012180810231008
04132012180910231009
04132012181010231023
04132012181110221023
04132012181210141017
04132012181310211011
04132012181410231022
04132012181510201021
04132012181610211022
04132012181710221021
04132012181810231022
04132012181910091021
04132012182010231021
04132012182110081013
04132012182210231023
04132012182310151017
04132012182410231022
04132012182510211019
04132012182610211023
04132012182710221022
04132012182810221022
04132012182910221021
04132012183010151020
04132012183110101014
04132012183210231023
04132012183310211023
04132012183410231013
04132012183510211021
04132012183610201021
04132012183710201020
04132012183810201022
04132012183910231023
04132012184010231021
04132012184110101012
04132012184210231019
04132012184310081007
04132012184410211015
04132012184510211015
04132012184610231023
04132012184710231022
04132012184810201020
04132012184910231021
04132012185010231021
04132012185110231023
04132012185210231023
04132012185310191022
04132012185410221022
04132012185510201021
04132012185610201021
04132012185710231022
04132012185810231018
04132012185910091023
04132012190010231021
04132012190110211017
04132012190210201007
04132012190310231021
04132012190410221022
04132012190510221022
04132012190610221021
04132012190710201022
04132012190810191019
04132012190910231013
04132012191010221023
04132012191110221019
04132012191210211012
04132012191310211020
04132012191410221021
04132012191510231021
04132012191610211022
04132012191710091007
04132012191810231023
04132012191910231022
04132012192010201023
04132012192110221023
04132012192210221022
04132012192310201022
04132012192410221021
04132012192510101021
04132012192610111021
04132012192710231021
04132012192810101013
04132012192910231023
04132012193010211023
04132012193110211019
04132012193210221021
04132012193310211021
04132012193410231022
04132012193510231023
04132012193610211022
04132012193710221018
04132012193810181020
04132012193910231021
04132012194010231020
04132012194110211023
04132012194210211023
04132012194310201023
04132012194410201021
04132012194510221009
04132012194610221021
04132012194710211023
04132012194810221015
04132012194910231023
04132012195010231023
04132012195110111023
04132012195210231021
04132012195310231009
04132012195410231022
04132012195510151021
04132012195610221021
04132012195710221022
04132012195810201006
04132012195910201023
04132012200010191023
04132012200110231008
04132012200210211023
04132012200310231022
04132012200410221010
04132012200510201011
04132012200610211019
04132012200710211022
04132012200810231021
04132012200910211023
04132012201010231022
04132012201110221023
04132012201210191020
04132012201310201022
04132012201410091021
04132012201510161022
04132012201610091020
04132012201710101022
04132012201810171023
04132012201910231023
04132012202010101016
04132012202110131019
04132012202210141021
04132012202310231023
04132012202410211014
04132012202510231023
04132012202610221023
04132012202710221009
04132012202810211014
04132012202910221019
04132012203010211016
04132012203110211009
04132012203210231021
04132012203310221022
04132012203410231021
04132012203510211023
04132012203610211021
04132012203710191021
04132012203810211022
04132012203910201021
04132012204010221022
04132012204110211021
04132012204210231022
04132012204310211022
04132012204410211022
04132012204510201020
04132012204610231022
04132012204710221021
04132012204810231023
04132012204910231021
04132012205010161022
04132012205110091021
04132012205210091023
04132012205310231021
04132012205410091021
04132012205510121023
04132012205610231020
04132012205710191023
04132012205810231020
04132012205910111011
04132012210010231012
04132012210110221023
04132012210210221019
04132012210310141010
04132012210410231011
04132012210510101023
04132012210610161015
04132012210710131023
04132012210810201023
04132012210910231023
04132012211010231023
04132012211110231023
04132012211210231023
04132012211310221010
04132012211410201020
04132012211510211023
04132012211610221012
04132012211710221023
04132012211810231020
04132012211910211023
04132012212010221023
04132012212110231023
04132012212210141017
04132012212310231023
04132012212410231023
04132012212510121008
04132012212610221022
04132012212710141015
04132012212810151023
04132012212910201007
04132012213010211023
04132012213110211023
04132012213210221023
04132012213310221017
04132012213410231023
04132012213510211023
04132012213610231023
04132012213710201023
04132012213810201017
04132012213910191021
04132012214010121012
04132012214110101010
04132012214210111010
04132012214310121015
04132012214410091012
04132012214510191022
04132012214610231022
04132012214710231023
04132012214810121020
04132012214910231023
04132012215010231023
04132012215110101011
04132012215210231020
04132012215310231021
04132012215410221021
04132012215510221023
04132012215610191023
04132012215710231023
04132012215810231022
04132012215910221021
04132012220010201019
04132012220110221022
04132012220210221022
04132012220310211022
04132012220410221023
04132012220510211021
04132012220610211022
04132012220710221021
04132012220810201021
04132012220910221021
04132012221010221021
04132012221110211017
04132012221210231023
04132012221310211019
04132012221410201021
04132012221510201020
04132012221610211023
04132012221710201008
04132012221810211023
04132012221910221023
04132012222010231023
04132012222110131013
04132012222210231023
04132012222310141010
04132012222410131015
04132012222510081023
04132012222610231023
04132012222710171023
04132012222810231022
04132012222910211023
04132012223010211021
04132012223110201021
04132012223210211021
04132012223310211022
04132012223410221022
04132012223510211022
04132012223610201023
04132012223710221020
04132012223810201009
04132012223910221008
04132012224010201021
04132012224110081009
04132012224210091010
04132012224310131011
04132012224410201023
04132012224510231022
04132012224610141018
04132012224710231023
04132012224810231021
04132012224910171023
04132012225010181021
04132012225110231022
04132012225210231022
04132012225310211021
04132012225410191022
04132012225510221022
04132012225610211021
04132012225710211023
04132012225810231022
04132012225910221022
04132012230010221011
04132012230110221023
04132012230210221022
04132012230310221023
04132012230410151023
04132012230510231023
04132012230610131018
04132012230710151023
04132012230810141023
04132012230910111022
04132012231010211023
04132012231110221020
04132012231210221022
04132012231310221023
04132012231410221021
04132012231510211022
04132012231610221023
04132012231710211023
04132012231810221023
04132012231910131011
04132012232010231023
04132012232110091023
04132012232210231022
04132012232310211022
04132012232410211022
04132012232510231021
04132012232610211021
04132012232710221023
04132012232810211019
04132012232910211022
04132012233010221021
04132012233110211009
04132012233210231023
04132012233310231023
04132012233410231023
04132012233510231023
04132012233610191023
04132012233710081020
04132012233810191020
04132012233910231021
04132012234010211022
04132012234110231022
04132012234210201023
04132012234310221021
04132012234410221023
04132012234510211023
04132012234610221023
04132012234710081011
04132012234810111010
04132012234910151010
04132012235010191023
04132012235110141023
04132012235210231023
04132012235310231022
04132012235410231023
04132012235510211023
04132012235610201023
04132012235710211023
04132012235810211020
04132012235910231022
04132012240010211016
04132012240110221020
04132012240210201023
04132012240310221018
04132012240410211010
04132012240510231023
04132012240610161023
04132012240710101023
04132012240810231009
04132012240910191021
04132012241010211022
